$ANSIBLE_VAULT;1.1;AES256
64376431623731396161336131393762373139376637316634613338393937363463666335626439
3436306433613836326338333863666137646238303364630a646630643432336365666337396439
39396535313231373736636137643336316334363163666135623335343537333763663231343732
3564363662346366630a643966323866653365303964363831316430393165623061633336386361
38383265346137356166343135333161396361613834386361656239326235646530383663383761
61373164316362653136636135366538633364393430613061633231396361373937313338656631
30663433306238653934616437396262316130333065343566366366306365623438663864316535
31656335653762393762353837383130613435366231353033333062396130613732656665373363
34666565633139623136633962623336366436616530646166626362633563363461386232656536
36613063373463636437333534613832393933313963663737373635643034356535336231626136
30366261343038363938323039646538633739363435643766316133306137623739663937353063
61616333323437333765336136643535346363323261343765376264656663363365383838393365
36366332393432306333373262393434396638613265306635373162666337356664373761636236
30633534383637633061323331363263353930653764323632366138626133316363306563623765
65333966383036613065643964616536373332316366636563623665326435316566653963663035
64626666313130613065393430353064643763313333343264346165323264376365363866306631
64323733303664313634306639616539396433323335636166386430633163646365616433313130
35613436626666336465366633336234383537373239343830303037373061626130366236313163
33363663656430303230653866363731323037326133666239393732663061623363366164353366
65663137313163313731393437343964373366613032346564663462373763656261616262383665
33323635663539326235363839386138653731613162663434353131646539663261373435386263
62613839396233623939363361613361653461363838626636643464666264626232663032346161
30353334353130303031313436376232303838386332343038646533356137653538343030353261
38316563346265616238363530366266613363386265303263333730363266626630633433383234
3437
